'filename: ani01.kas

'//그림의 애니메이션 
SCREEN ,,,,400,300,"애니메이션",1,,"ai.ico"
DSHAPE "back019.bmp" '배경그림
SHAPELOAD 0,"a303.bmp",20,4,5,0,0,100,100,0,0,13 '애니메이션용
'//이동모양
ANIMATE 0,1,20,1,1,0,15,15,3,5,266,186,14,380,262 '곡선이동
ANIMATE 0,1,20,1,1,0,10,10,2,382,265,191,134 '직선이동
ANIMATE 0,1,20,1,1,0,5,50,1,191,134 '제자리 움직임
'//크기변화
ANIMATE 0,1,20,1,0.1,0,15,5,1,191,134 '제자리 움직임
ANIMATE 0,1,20,0.1,1,0,10,10,2,191,134,382,265 '직선이동
ANIMATE 0,1,20,1,0.1,1,15,15,3,380,262,186,14,5,266 '곡선이동
ANIMATE '애니메이트 해제
PAUSE
